2.6363637
2.5
2.48
1.8148148
2.0526316
2.04
2.8181818
2.0
2.5
1.0
0.0
1.25
1.25
1.25
1.25
1.25
2.5
2.6666667
2.1111112
3.0714285
3.2307692
2.4117646
2.8333333
2.1538463
2.3529413
2.2
1.4583334
1.6857142
2.2413793
1.75
2.25
1.875
1.3333334
1.0
1.25
4.0
4.0
4.0
4.0
4.0
2.625
1.0
3.6
2.375
2.090909
2.6666667
2.35
2.2631578
2.3
2.1818182
2.2307692
2.2631578
2.2857144
2.4285715
1.2142857
1.8333334
2.1666667
0.8
0.33333334
2.3333333
1.1666666
1.1666666
0.0
4.0
2.9
2.9
1.8
2.5
2.5
1.55
2.7083333
3.2
2.1875
2.8888888
2.4210527
1.5882353
1.9166666
1.5714285
1.2
2.8888888
0.0
0.6
1.3
1.3
2.0
2.0
2.0
2.0
2.0
2.0
2.0
2.0
1.0
1.8571428
1.375
3.0
3.125
2.8461537
4.0
2.0
1.3333334
1.0
1.5
1.5
4.0
1.0
1.5
1.5
1.5
1.5
2.0
3.0
2.3333333
2.0
2.7857144
2.75
1.7
2.9230769
2.909091
2.6190476
1.6
2.235294
2.0833333
2.235294
2.7058823
1.5833334
1.7272727
1.7142857
2.142857
3.0714285
3.0714285
3.0714285
3.0714285
3.0714285
3.0714285
4.0
0.75
2.0
1.9
2.3
1.7777778
2.387097
1.96875
2.0
2.2857144
2.7058823
2.125
2.4285715
2.04
2.5333333
2.1111112
1.5
2.0
4.0
2.9166667
2.9166667
2.9166667
2.9166667
2.9166667
2.9166667
1.8333334
1.6666666
2.4117646
1.8571428
2.7222223
2.35
2.2222223
2.764706
2.0434783
1.7894737
1.8333334
1.6666666
1.8333334
1.4285715
2.7272727
2.25
1.3333334
1.75
2.875
4.0
2.875
2.875
2.875
2.875
1.75
3.5
1.3076923
2.8421052
2.4705882
1.4347826
2.1052632
1.8181819
2.2727273
2.3333333
1.9090909
2.2727273
3.1333334
3.25
2.0769231
4.0
2.1666667
2.0
1.5
1.5
1.5
1.5
1.5
1.0
1.6
2.75
1.875
2.875
1.875
2.6111112
2.5263157
2.1666667
2.7333333
2.6666667
2.142857
1.625
2.1125
2.6
1.0
1.5
1.6666666
0.8333333
0.0
2.0
2.0
2.0
2.0
2.0
2.0
2.0
4.0
2.75
1.5
0.0
1.1666666
1.3333334
2.75
2.5
0.75
3.6666667
2.0
2.8
3.4
3.4
4.0
2.25
0.5
0.25
0.25
0.25
0.25
0.25
0.25
0.25
0.25
0.0
1.0
2.0
1.8
2.0
2.5
2.8
2.8
2.857143
3.0
1.6666666
1.0833333
0.5
3.0
0.6666667
0.9333334
0.9333334
0.9333334
0.9333334
0.9333334
0.9333334
1.2
1.5
1.625
2.25
2.0
2.5714285
3.0
2.857143
2.5789473
1.6666666
1.8
1.9285715
1.8571428
1.875
2.5714285
2.2857144
2.3333333
1.0
0.0
1.0
1.0
1.0
1.0
1.0
2.0
1.25
1.4285715
2.6
2.3333333
2.0
1.7333333
2.7692308
1.8
2.4117646
2.1875
1.8461539
1.4
2.090909
1.5
1.375
1.6
1.6888889
1.6888889
1.6888889
1.6888889
1.6888889
1.6888889
1.6888889
1.7777778
2.0
2.375
2.0714285
2.125
2.2916667
2.45
2.5714285
2.0454545
1.882353
1.9047619
2.4736843
1.8235294
2.2307692
2.3333333
3.0
2.4
1.0
1.5
1.5
1.5
1.5
1.5
2.0
2.3333333
2.5555556
1.4615384
1.95
2.25
2.1578948
2.7826087
2.0
1.7857143
2.4
1.8846154
2.2857144
1.962963
2.142857
1.6666666
1.125
1.0
0.5
0.5
0.5
0.5
0.5
0.5
0.0
1.5714285
2.0
3.0
1.4
2.0
2.7083333
2.2173913
2.8125
2.7777777
2.4545455
2.2142856
2.7
1.7692307
2.0
3.4
0.6666667
2.6666667
3.3333335
3.3333335
3.3333335
3.3333335
3.3333335
3.3333335
3.3333335
3.3333335
3.3333335
3.3333335
3.3333335
3.3333335
3.3333335
3.3333335
3.3333335
3.3333335
3.3333335
3.3333335
4.0
1.0
0.5
0.5
0.5
0.0
2.0
1.0
1.0
1.0
1.0
1.0
1.0
1.0
1.0
1.0
0.0
1.3333334
0.0
0.0
2.25
1.1764706
1.0
1.0
1.0
1.0
1.0
1.0
1.0
1.0
1.0
1.0
1.0
1.0
1.0
1.0
1.0
1.0
1.0
1.0
1.0
1.0
1.0
1.0
1.0
1.0
1.0
1.0
1.0
1.0
1.0
1.0
1.0
1.0136986
1.0
1.0
1.0
1.0
1.0
1.0
1.0
1.0
1.0
1.0090909
1.0
1.0
1.0
1.0
1.1707317
0.0
3.0
1.0
4.0
0.0
3.0
1.0
4.0
2.0
2.2777777
2.2777777
2.2777777
2.2777777
2.2777777
2.2777777
2.2777777
2.2777777
2.2777777
2.2777777
2.2777777
2.2777777
2.5555556
2.4705882
2.1666667
1.75
2.8666666
2.9047618
2.3888888
2.6842105
2.7777777
2.5
2.4
3.3333333
1.6666666
0.0
1.0833334
1.0833334
1.0833334
1.0833334
1.0833334
2.1666667
2.4
2.75
2.0
2.0
2.0
2.1052632
2.0
2.4615386
2.7692308
2.1875
2.5454545
2.4444444
1.75
2.2
0.0
1.75
1.0
0.0
0.0
0.0
0.9
0.9
0.9
1.8
2.4285715
2.4166667
2.6666667
2.25
2.7
2.142857
2.5
2.0
2.0588236
0.75
3.0
3.4
2.2
2.25
3.0
2.75
0.6666667
2.0
2.0
2.0
2.0
2.0
2.0
2.0
2.0
2.0
2.0
2.3333333
2.0
3.1666667
1.5555556
2.4285715
2.8333333
3.1666667
2.6
1.5
2.0
2.3333333
3.3333333
1.0
0.0
4.0
3.3333335
3.3333335
3.3333335
3.3333335
3.3333335
3.3333335
3.3333335
2.6666667
0.0
1.0
2.5
2.8333333
1.0
3.25
2.2
3.0
2.8666666
3.2
0.5
1.6666666
3.6
1.8
0.0
2.0
2.0
2.0
2.0
2.0
2.0
2.0
2.0
2.1
1.7777778
2.1538463
2.347826
2.875
2.409091
2.6111112
2.0
3.0
2.2105262
1.8461539
1.7
1.8
2.8
1.8333334
1.25
0.0
0.25
0.25
0.25
0.25
0.25
0.25
0.5
1.7142857
1.7
2.7692308
1.8333334
2.1
1.8125
2.4615386
1.9285715
2.7692308
2.4
1.2083334
2.1
2.2
1.2222222
1.4
3.0
3.0
2.0
1.0
0.0
2.0
2.0
4.0
1.5
1.4444444
2.8461537
2.4375
2.0625
2.4333334
2.1363637
2.0
3.1111112
1.9444444
3.090909
1.9583334
2.6
1.7142857
2.0833333
2.5
3.2
1.0
2.0
2.0
2.0
3.0
2.142857
2.142857
1.2857143
2.875
1.5
1.7142857
1.75
1.7222222
2.04
3.4545455
2.52
1.7586207
2.173913
2.0
2.1904762
2.4166667
2.1
2.5
