2.1111112
2.074074
1.5
2.0714285
2.2777777
1.826087
2.0714285
2.5
1.3333334
0.6666667
0.6666667
0.6666667
0.6666667
0.0
0.0
3.0
2.6666667
1.5
2.0714285
2.1363637
2.3125
1.90625
1.5833334
2.0
2.9411764
3.0
3.090909
1.85
2.2
2.4285715
1.6666666
1.0
2.2
1.1
1.1
1.1
1.1
0.0
0.0
0.0
1.375
3.3333333
1.8888888
2.28
2.0
2.142857
2.1
2.05
2.25
2.0
2.090909
1.1
2.0
3.1
2.4375
1.75
2.0
0.6666667
2.0
0.0
2.0
2.0
2.0
2.0
2.0
2.0
4.0
2.75
2.6
2.235294
2.5789473
1.4545455
2.2
2.6
2.375
2.2941177
1.1818181
2.5882354
1.5
2.4
1.6666666
0.8333333
0.8333333
0.8333333
0.8333333
0.8333333
0.8333333
0.8333333
0.8333333
0.0
2.0
4.0
3.0
2.3333333
2.0
2.5
2.6666667
2.1
1.0
1.9166666
2.3333333
1.6666666
0.8
2.5
0.0
0.0
0.0
0.0
0.0
0.0
0.0
0.0
2.0
2.0
2.2777777
2.5
2.0666666
2.4
2.1818182
2.35
1.7894737
2.0
2.8421052
2.2222223
1.0
2.2857144
2.0
1.0
1.6666666
4.0
2.5
2.5
2.5
1.0
0.0
2.0
2.75
3.25
2.0
2.0
2.909091
2.3529413
2.35
1.9285715
1.9166666
1.6470588
2.1111112
1.6666666
2.25
2.357143
2.4
2.0
2.0
1.0
1.0
1.0
1.0
0.0
1.0
1.0
2.0
2.25
2.3333333
1.75
2.0588236
2.7368422
2.2631578
1.8888888
1.8421053
2.652174
1.3333334
1.7
1.2941177
1.3
2.2
1.8571428
2.3333333
2.1666665
2.1666665
2.1666665
2.1666665
2.1666665
2.1666665
2.1666665
2.0
2.25
2.5
2.2307692
2.6
2.5555556
2.7272727
3.0
2.0
3.0
1.5
3.75
0.85714287
2.75
0.0
3.0
3.0
2.5
2.5
2.5
2.5
2.5
2.5
2.5
2.5
2.5
2.0
2.2
2.5714285
2.4285715
2.75
2.6
1.8666667
1.2
2.1666667
2.75
3.0
3.0
1.6666666
0.0
1.0
1.5
1.5
1.5
1.5
1.5
1.5
1.5
1.5
2.0
2.3333335
2.6666667
3.3333333
2.8
2.0
1.0
2.25
3.625
1.0
2.6666667
2.25
3.2857144
3.642857
3.642857
4.0
2.75
2.75
2.75
2.75
2.75
2.75
2.75
2.75
2.75
2.75
2.75
1.5
1.5
1.9166666
2.3333333
2.0
3.0
2.0
3.3333333
1.0
1.5
1.5
2.0
2.0
3.0
3.0
3.0
3.0
3.0
3.0
3.0
3.0
4.0
2.3333333
2.0769231
2.625
2.6923077
2.25
2.3333333
2.4545455
2.2
2.5
1.4
1.6666666
3.0
3.0
2.0
1.0
2.5
2.5
2.5
2.5
2.5
2.5
2.5
2.5
4.0
2.5
2.0
2.3333333
1.9285715
2.2
2.2
2.0
2.1111112
2.4285715
1.6666666
2.0
2.25
4.0
3.0
2.0
2.3333335
2.3333335
2.3333335
2.3333335
2.3333335
2.3333335
2.3333335
2.3333335
2.3333335
2.6666667
3.3333333
2.0
2.142857
2.125
2.5
3.1666667
1.6875
1.6666666
2.0
2.25
1.75
0.0
1.5
1.0
1.75
1.75
1.75
1.75
1.75
1.75
1.75
1.75
2.5
3.5
0.75
2.7142856
2.4444444
2.6666667
2.5
1.9
2.5
1.6363636
1.8
2.8
1.4
2.0
3.0
4.0
3.5
3.5
3.5
3.5
3.5
3.5
3.5
3.0
0.0
2.7142856
2.2222223
2.4
1.8571428
2.0
3.2307692
1.4
3.25
3.5
1.8
2.5
2.0
1.0
0.0
2.0
1.0
1.0
1.0
1.0
1.0
1.0
1.0
1.0
0.0
1.9375
3.0
2.2666667
2.9166667
3.875
1.7391304
1.9285715
2.0588236
2.6666667
3.1111112
2.142857
2.2307692
2.5
2.8269231
3.1538463
2.0769231
2.0769231
2.0769231
2.0769231
2.0769231
2.0769231
2.0769231
2.0769231
1.0
3.3333333
1.75
2.7272727
2.25
2.4210527
1.5555556
2.357143
1.8333334
1.375
0.0
4.0
1.0
0.0
0.0
2.0
2.5
2.5
2.5
2.5
2.5
2.5
2.5
2.5
2.5
3.0
2.1666667
1.3333334
2.857143
1.3333334
2.0
3.6666667
2.8333333
2.0
3.0
2.5
2.5
1.0
1.0
2.0
1.8571429
1.8571429
1.8571429
1.8571429
1.8571429
1.8571429
1.8571429
1.8571429
1.8571429
1.8571429
1.7142857
1.4285715
1.625
1.4444444
2.2857144
1.8235294
1.75
1.0909091
2.3846154
1.8181819
2.090909
3.0
1.6666666
0.0
0.0
0.0
0.0
0.0
0.0
0.0
0.8333333
1.6666666
1.0
2.1333334
2.125
2.5294118
2.2941177
2.5384614
2.2
2.125
1.4285715
1.4
3.0
3.1666667
2.125
0.016759777
0.09756097
4.0
2.9615383
2.9615383
2.9615383
2.9615383
2.9615383
2.9615383
2.9615383
2.9615383
2.9615383
1.9230769
2.25
2.6153846
3.0
3.0
3.2857144
2.5833333
2.8888888
2.2222223
2.0
2.0
2.0
2.6666667
2.0
2.0
3.0
3.0
3.0
3.0
3.0
3.0
3.0
4.0
2.8
1.2
2.1818182
2.6153846
2.3125
2.2307692
2.25
2.1666667
2.6363637
2.0
2.0
1.0
1.0
2.25
2.875
3.5
4.0
4.0
4.0
4.0
4.0
4.0
4.0
4.0
2.0
0.0
1.5
2.0
2.375
2.142857
1.75
2.7142856
2.75
4.0
2.5
0.6
1.0
2.5
4.0
3.0
2.0
2.0
1.5
0.75
0.75
0.0
1.5
1.5
1.5
1.5
3.0
1.3333334
3.0
1.0
2.3333333
4.0
1.5555556
2.0
1.8
1.7142857
1.25
2.5
1.0
3.5
0.0
0.0
0.0
0.0
0.0
0.0
0.0
0.0
0.33333334
1.0
1.1818181
2.125
1.8571428
2.0625
1.6956521
2.2222223
2.875
1.5
2.4545455
4.0
1.6666666
0.5
1.3333334
1.0
3.0
2.5
2.5
2.5
2.5
2.5
2.5
2.0
2.5
1.3333334
1.8888888
1.5384616
2.090909
1.7142857
2.4761906
1.9090909
1.7777778
2.1875
2.3846154
2.6666667
2.9
1.5833334
1.6
2.75
2.0
1.8333333
1.8333333
1.8333333
1.8333333
1.8333333
1.8333333
1.8333333
1.6666666
1.5
1.875
2.7692308
2.5
2.0625
1.9
2.1538463
3.1666667
2.4
1.5
2.2
2.25
2.25
2.0
1.0
2.0
2.0
2.0
2.0
2.0
2.0
2.0
2.0
2.0
3.0
2.5
1.5454545
1.9285715
2.4545455
2.0
2.2857144
1.6666666
1.5454545
2.5333333
1.7857143
2.1111112
1.8888888
2.0
2.0
