2.6666667
1.9333333
2.0
1.9230769
1.6428572
2.7142856
1.0
2.5
2.5
2.0
1.0
1.0
0.0
0.0
0.0
1.0
2.0
2.0
1.8333334
2.375
1.8888888
2.45
2.3076923
1.9090909
1.6666666
1.5
1.6
1.5833334
2.2142856
2.0
1.1111112
1.3333334
0.0
3.0
3.0
3.5
3.5
4.0
1.5
1.35
1.2
2.0
2.25
3.3333333
2.090909
1.8333334
2.375
1.875
2.5384614
2.1666667
2.4615386
2.2857144
1.1578947
1.8333334
2.5
0.6
2.0
1.5
3.0
3.0
4.0
3.0
2.0
1.7
1.4
2.0
3.0
2.5
2.1
3.2058823
2.847826
2.939394
2.3076923
2.2222223
1.7058823
2.0833333
1.4
2.0
3.0
1.0
2.5
2.25
2.0
2.1666667
2.3333333
2.6666665
3.0
1.875
0.75
3.0
2.0
3.2727273
2.1764705
2.1034484
2.3428571
1.55
2.0
2.0666666
2.1875
2.3076923
1.725
2.5625
3.0
3.0
3.0
4.0
2.0
0.0
4.0
2.0
2.0
0.0
2.8333333
2.5
2.125
3.5
2.2666667
1.8421053
2.55
2.75
2.7
1.9375
2.1666667
2.75
1.9444444
2.75
1.0
0.6666667
0.0
3.0
2.0
1.0
4.0
4.0
4.0
1.0
2.25
2.3333333
2.5
1.8
1.3571428
2.0
2.125
2.4
2.1111112
1.7647059
2.0
2.0434783
1.68
1.5
2.6666667
1.0
3.3333333
1.0
0.0
0.0
0.0
0.0
0.0
0.875
1.75
1.125
1.9166666
2.0
2.2307692
1.9130435
2.7857144
2.0
2.5
2.3333333
1.4166666
2.1904762
2.1111112
2.8333333
2.8333333
1.4
3.5
3.0
1.3333334
2.0
3.0
3.0
1.5
0.0
1.75
1.5
2.7142856
3.25
2.0714285
1.8
2.3
1.0
2.1818182
1.9
1.5882353
1.8913044
2.148148
1.4
2.7142856
2.5
4.0
3.75
1.0
2.5
4.0
3.1363635
3.1363635
3.1363635
3.1363635
3.1363635
3.1363635
3.1363635
3.1363635
3.1363635
3.1363635
3.1363635
3.1363635
3.1363635
3.1363635
3.1363635
3.1363635
3.1363635
3.1363635
3.1363635
3.1363635
3.1363635
3.1363635
3.1363635
3.1363635
3.1363635
3.1363635
3.1363635
3.1363635
3.1363635
3.1363635
3.1363635
3.1363635
3.1363635
3.1363635
3.1363635
3.1363635
3.1363635
3.1363635
3.1363635
3.1363635
3.1363635
3.1363635
3.1363635
3.1363635
3.1363635
3.1363635
3.1363635
3.1363635
3.1363635
3.1363635
3.1363635
3.1363635
3.1363635
3.1363635
3.1363635
3.1363635
3.1363635
3.1363635
3.1363635
3.1363635
3.1363635
3.1363635
3.1363635
3.1363635
3.1363635
3.1363635
2.2727273
4.0
2.0
2.0
2.0
2.0
2.0
0.0
0.5
1.0
1.4
2.3333333
2.25
1.6153846
2.074074
1.9411764
2.5
2.3846154
2.0
2.2
2.107143
1.7777778
1.375
2.0666666
2.6666667
0.0
0.0
0.0
0.0
0.0
0.0
0.0
0.625
1.25
2.4
2.2
2.0
1.7692307
2.25
2.3333333
1.3636364
3.25
1.3333334
2.1052632
2.1333334
2.1666667
2.6666667
2.0
1.75
3.0
0.0
2.0
2.0
4.0
2.0
0.0
0.85714287
1.7142857
1.5
1.7777778
1.6666666
1.7058823
2.2222223
1.8571428
2.8333333
2.0
1.4545455
2.409091
2.2439024
2.0512822
3.2857144
2.5714285
2.0
1.8
2.9
4.0
2.5
1.0
4.0
0.0
0.7
1.4
3.0
2.5714285
2.5
2.1875
1.2941177
2.3333333
2.5454545
2.6666667
1.625
2.909091
1.6111112
1.5714285
3.5
1.5
2.4
3.0
3.0
1.5
1.5
1.5
0.0
0.0
1.2
2.4
3.0
2.0
1.6
2.5217392
2.627907
3.0
2.7368422
1.9090909
2.235294
2.3846154
2.4583333
1.95
3.0
2.1818182
1.75
3.6
2.0
3.2
2.3333333
2.6666665
3.0
3.0
3.0
2.0
1.0
2.1666667
2.625
1.6666666
1.8181819
2.3809524
2.375
2.6666667
2.5555556
2.75
2.2631578
1.4
2.0
4.0
3.5
2.25
1.0
2.0
3.0
1.5
0.0
0.0
0.0
1.0
4.0
2.0
2.0
2.1
2.4375
2.5625
2.4
2.4444444
2.4444444
1.8472222
1.8472222
1.8472222
1.8472222
1.8472222
1.8472222
1.8472222
1.8472222
1.8472222
1.8472222
1.8472222
1.8472222
1.8472222
1.8472222
1.8472222
1.8472222
1.8472222
1.8472222
1.8472222
1.8472222
1.8472222
1.8472222
1.8472222
1.8472222
1.8472222
1.8472222
1.8472222
1.8472222
1.8472222
1.8472222
1.8472222
1.8472222
1.8472222
1.8472222
1.8472222
1.8472222
1.8472222
1.8472222
1.8472222
1.8472222
1.8472222
1.8472222
1.8472222
1.8472222
1.8472222
1.8472222
1.8472222
1.8472222
1.8472222
1.8472222
1.8472222
1.8472222
1.8472222
1.8472222
1.8472222
1.8472222
1.8472222
1.8472222
1.8472222
1.8472222
1.8472222
1.8472222
1.8472222
1.8472222
1.8472222
1.8472222
1.8472222
1.8472222
1.8472222
1.8472222
1.8472222
1.8472222
1.8472222
1.8472222
1.8472222
1.8472222
1.25
2.0
3.0
2.0
3.0
4.0
3.25
3.25
2.5
2.25
2.25
2.0
2.2857144
2.3333333
4.0
2.6
2.1333334
2.3846154
2.0
2.1666667
2.0
2.4210527
2.516129
2.0714285
1.0
2.5714285
2.5
1.25
0.0
1.25
2.5
4.0
3.5
2.25
2.25
1.0
2.8
2.2
2.875
2.8
2.3076923
2.142857
2.1
2.9166667
2.75
3.1
2.0666666
2.34375
2.4444444
2.6
2.2857144
2.25
0.5
0.5
0.5
2.25
4.0
4.0
3.25
3.25
2.5
1.6
1.75
2.0
3.25
2.6875
1.84
1.7857143
1.7777778
2.2857144
2.4285715
2.34375
1.6666666
2.8333333
2.2
3.2727273
3.25
2.8333333
4.0
2.0
1.0
1.0
0.0
1.0
1.0
1.0
2.0
2.6153846
2.7272727
2.7857144
2.25
1.9615384
1.625
1.75
2.375
1.7692307
2.0
2.0
1.0
1.625
4.0
4.0
4.0
4.0
4.0
4.0
2.0
1.5
1.0
2.0
1.4285715
0.0
2.0
1.6428572
1.9230769
1.4
2.1111112
1.7777778
1.9166666
2.35
2.7727273
1.25
3.5
1.0
0.0
1.0
1.0
1.0
1.0
1.0
1.0
1.0
2.0
2.0
2.125
0.75
1.7857143
2.764706
2.2142856
2.75
1.5454545
2.3333333
2.2307692
2.2142856
2.4615386
2.3
2.75
2.0
2.0
3.0
0.5
0.5
1.25
1.25
1.25
1.25
2.0
4.0
2.0
3.25
2.1538463
2.1052632
2.5454545
2.2222223
2.1666667
2.1052632
2.347826
2.0
2.1875
1.5
1.5
0.875
0.0
0.0
4.0
4.0
4.0
4.0
4.0
4.0
2.8
1.6666666
2.6
1.4444444
1.5384616
2.0
1.5333333
1.4444444
1.6666666
1.8571428
2.142857
1.9523809
2.4615386
1.5
3.4615386
0.75
